8.4001000000000003e-01
8.4001000000000003e-01
8.4001000000000003e-01
8.4001000000000003e-01
8.4001000000000003e-01
8.4001000000000003e-01
8.4001000000000003e-01
8.4001000000000003e-01
8.4001000000000003e-01
8.4001000000000003e-01
8.4001000000000003e-01
8.4000699999999995e-01
8.3999699999999999e-01
8.3998099999999998e-01
8.3995799999999998e-01
8.3992900000000004e-01
8.3989300000000000e-01
8.3984999999999999e-01
8.3980100000000002e-01
8.3974599999999999e-01
8.3968299999999996e-01
8.3961500000000000e-01
8.3953999999999995e-01
8.3945800000000004e-01
8.3936999999999995e-01
8.3927600000000002e-01
8.3917500000000000e-01
8.3906800000000004e-01
8.3895399999999998e-01
8.3883399999999997e-01
8.3870800000000001e-01
8.3857499999999996e-01
8.3843599999999996e-01
8.3828999999999998e-01
8.3813899999999997e-01
8.3798099999999998e-01
8.3781700000000003e-01
8.3764700000000003e-01
8.3747000000000005e-01
8.3728800000000003e-01
8.3709900000000004e-01
8.3690399999999998e-01
8.3670299999999997e-01
8.3649700000000005e-01
8.3628400000000003e-01
8.3606499999999995e-01
8.3584000000000003e-01
8.3560999999999996e-01
8.3537399999999995e-01
8.3513199999999999e-01
8.3488399999999996e-01
8.3462999999999998e-01
8.3437099999999997e-01
8.3410600000000001e-01
8.3383600000000002e-01
8.3355999999999997e-01
8.3327799999999996e-01
8.3299100000000004e-01
8.3269899999999997e-01
8.3240099999999995e-01
8.3209800000000000e-01
8.3179000000000003e-01
8.3147599999999999e-01
8.3115799999999995e-01
8.3083399999999996e-01
8.3050500000000005e-01
8.3017200000000002e-01
8.2983300000000004e-01
8.2948900000000003e-01
8.2914100000000002e-01
8.2878799999999997e-01
8.2843000000000000e-01
8.2806800000000003e-01
8.2769999999999999e-01
8.2732899999999998e-01
8.2695300000000005e-01
8.2657199999999997e-01
8.2618700000000000e-01
8.2579800000000003e-01
8.2540500000000006e-01
8.2500700000000005e-01
8.2460500000000003e-01
8.2420000000000004e-01
8.2379000000000002e-01
8.2337700000000003e-01
8.2295900000000000e-01
8.2253799999999999e-01
8.2211299999999998e-01
8.2168500000000000e-01
8.2125300000000001e-01
8.2081700000000002e-01
8.2037899999999997e-01
8.1993600000000000e-01
8.1949099999999997e-01
8.1904200000000005e-01
8.1859000000000004e-01
8.1813599999999997e-01
8.1767800000000002e-01
8.1721699999999997e-01
8.1675399999999998e-01
8.1628699999999998e-01
8.1581899999999996e-01
8.1534700000000004e-01
8.1487299999999996e-01
8.1439700000000004e-01
8.1391800000000003e-01
8.1343699999999997e-01
8.1295399999999995e-01
8.1246799999999997e-01
8.1198099999999995e-01
8.1149099999999996e-01
8.1100000000000005e-01
8.1050699999999998e-01
8.1001199999999995e-01
8.0951600000000001e-01
8.0901800000000001e-01
8.0851799999999996e-01
8.0801800000000001e-01
8.0751499999999998e-01
8.0701199999999995e-01
8.0650699999999997e-01
8.0600200000000000e-01
8.0549499999999996e-01
8.0498800000000004e-01
8.0447999999999997e-01
8.0397099999999999e-01
8.0346099999999998e-01
8.0295099999999997e-01
8.0244000000000004e-01
8.0192900000000000e-01
8.0141700000000005e-01
8.0090600000000001e-01
8.0039400000000005e-01
7.9988199999999998e-01
7.9937000000000002e-01
7.9885799999999996e-01
7.9834700000000003e-01
7.9783599999999999e-01
7.9732499999999995e-01
7.9681400000000002e-01
7.9630400000000001e-01
7.9579500000000003e-01
7.9528600000000005e-01
7.9477799999999998e-01
7.9427099999999995e-01
7.9376500000000005e-01
7.9325999999999997e-01
7.9275600000000002e-01
7.9225299999999999e-01
7.9175200000000001e-01
7.9125199999999996e-01
7.9075300000000004e-01
7.9025599999999996e-01
7.8976000000000002e-01
7.8926600000000002e-01
7.8877399999999998e-01
7.8828399999999998e-01
7.8779500000000002e-01
7.8730900000000004e-01
7.8682500000000000e-01
7.8634199999999999e-01
7.8586199999999995e-01
7.8538500000000000e-01
7.8491000000000000e-01
7.8443700000000005e-01
7.8396699999999997e-01
7.8349899999999995e-01
7.8303400000000001e-01
7.8257200000000005e-01
7.8211299999999995e-01
7.8165700000000005e-01
7.8120299999999998e-01
7.8075300000000003e-01
7.8030600000000006e-01
7.7986200000000006e-01
7.7942199999999995e-01
7.7898400000000001e-01
7.7855099999999999e-01
7.7812099999999995e-01
7.7769400000000000e-01
7.7727100000000005e-01
7.7685199999999999e-01
7.7643600000000002e-01
7.7602499999999996e-01
7.7561700000000000e-01
7.7521300000000004e-01
7.7481400000000000e-01
7.7441800000000005e-01
7.7402700000000002e-01
7.7363999999999999e-01
7.7325699999999997e-01
7.7287899999999998e-01
7.7250500000000000e-01
7.7213500000000002e-01
7.7177099999999998e-01
7.7141000000000004e-01
7.7105500000000005e-01
7.7070399999999994e-01
7.7035799999999999e-01
7.7001699999999995e-01
7.6968099999999995e-01
7.6934999999999998e-01
7.6902300000000001e-01
7.6870200000000000e-01
7.6838600000000001e-01
7.6807499999999995e-01
7.6776999999999995e-01
7.6746899999999996e-01
7.6717400000000002e-01
7.6688500000000004e-01
7.6659999999999995e-01
7.6632199999999995e-01
7.6604899999999998e-01
7.6578100000000004e-01
7.6551899999999995e-01
7.6526200000000000e-01
7.6501200000000003e-01
7.6476699999999997e-01
7.6452699999999996e-01
7.6429400000000003e-01
7.6406700000000005e-01
7.6384500000000000e-01
7.6362900000000000e-01
7.6341899999999996e-01
7.6321600000000001e-01
7.6301799999999997e-01
7.6282600000000000e-01
7.6263999999999998e-01
7.6246100000000006e-01
7.6228799999999997e-01
7.6212000000000002e-01
7.6195900000000005e-01
7.6180499999999995e-01
7.6165600000000000e-01
7.6151400000000002e-01
7.6137800000000000e-01
7.6124800000000004e-01
7.6112500000000005e-01
7.6100800000000002e-01
7.6089799999999996e-01
7.6079399999999997e-01
7.6069600000000004e-01
7.6060499999999998e-01
7.6051999999999997e-01
7.6044199999999995e-01
7.6036999999999999e-01
7.6030500000000001e-01
7.6024599999999998e-01
7.6019400000000004e-01
7.6014800000000005e-01
7.6010900000000003e-01
7.6007599999999997e-01
7.6005000000000000e-01
7.6002999999999998e-01
7.6001700000000005e-01
7.6000999999999996e-01
7.6000999999999996e-01
7.6001700000000005e-01
7.6002999999999998e-01
7.6005000000000000e-01
7.6007599999999997e-01
7.6010900000000003e-01
7.6014800000000005e-01
7.6019400000000004e-01
7.6024599999999998e-01
7.6030500000000001e-01
7.6036999999999999e-01
7.6044199999999995e-01
7.6051999999999997e-01
7.6060499999999998e-01
7.6069600000000004e-01
7.6079399999999997e-01
7.6089799999999996e-01
7.6100800000000002e-01
7.6112500000000005e-01
7.6124800000000004e-01
7.6137800000000000e-01
7.6151400000000002e-01
7.6165600000000000e-01
7.6180499999999995e-01
7.6195900000000005e-01
7.6212000000000002e-01
7.6228799999999997e-01
7.6246100000000006e-01
7.6263999999999998e-01
7.6282600000000000e-01
7.6301799999999997e-01
7.6321600000000001e-01
7.6341899999999996e-01
7.6362900000000000e-01
7.6384500000000000e-01
7.6406700000000005e-01
7.6429400000000003e-01
7.6452699999999996e-01
7.6476699999999997e-01
7.6501200000000003e-01
7.6526200000000000e-01
7.6551899999999995e-01
7.6578100000000004e-01
7.6604899999999998e-01
7.6632199999999995e-01
7.6659999999999995e-01
7.6688500000000004e-01
7.6717400000000002e-01
7.6746899999999996e-01
7.6776999999999995e-01
7.6807499999999995e-01
7.6838600000000001e-01
7.6870200000000000e-01
7.6902300000000001e-01
7.6934999999999998e-01
7.6968099999999995e-01
7.7001699999999995e-01
7.7035799999999999e-01
7.7070399999999994e-01
7.7105500000000005e-01
7.7141000000000004e-01
7.7177099999999998e-01
7.7213500000000002e-01
7.7250500000000000e-01
7.7287899999999998e-01
7.7325699999999997e-01
7.7363999999999999e-01
7.7402700000000002e-01
7.7441800000000005e-01
7.7481400000000000e-01
7.7521300000000004e-01
7.7561700000000000e-01
7.7602499999999996e-01
7.7643600000000002e-01
7.7685199999999999e-01
7.7727100000000005e-01
7.7769400000000000e-01
7.7812099999999995e-01
7.7855099999999999e-01
7.7898400000000001e-01
7.7942199999999995e-01
7.7986200000000006e-01
7.8030600000000006e-01
7.8075300000000003e-01
7.8120299999999998e-01
7.8165700000000005e-01
7.8211299999999995e-01
7.8257200000000005e-01
7.8303400000000001e-01
7.8349899999999995e-01
7.8396699999999997e-01
7.8443700000000005e-01
7.8491000000000000e-01
7.8538500000000000e-01
7.8586199999999995e-01
7.8634199999999999e-01
7.8682500000000000e-01
7.8730900000000004e-01
7.8779500000000002e-01
7.8828399999999998e-01
7.8877399999999998e-01
7.8926600000000002e-01
7.8976000000000002e-01
7.9025599999999996e-01
7.9075300000000004e-01
7.9125199999999996e-01
7.9175200000000001e-01
7.9225299999999999e-01
7.9275600000000002e-01
7.9325999999999997e-01
7.9376500000000005e-01
7.9427099999999995e-01
7.9477799999999998e-01
7.9528600000000005e-01
7.9579500000000003e-01
7.9630400000000001e-01
7.9681400000000002e-01
7.9732499999999995e-01
7.9783599999999999e-01
7.9834700000000003e-01
7.9885799999999996e-01
7.9937000000000002e-01
7.9988199999999998e-01
8.0039400000000005e-01
8.0090600000000001e-01
8.0141700000000005e-01
8.0192900000000000e-01
8.0244000000000004e-01
8.0295099999999997e-01
8.0346099999999998e-01
8.0397099999999999e-01
8.0447999999999997e-01
8.0498800000000004e-01
8.0549499999999996e-01
8.0600200000000000e-01
8.0650699999999997e-01
8.0701199999999995e-01
8.0751499999999998e-01
8.0801800000000001e-01
8.0851799999999996e-01
8.0901800000000001e-01
8.0951600000000001e-01
8.1001199999999995e-01
8.1050699999999998e-01
8.1100000000000005e-01
8.1149099999999996e-01
8.1198099999999995e-01
8.1246799999999997e-01
8.1295399999999995e-01
8.1343699999999997e-01
8.1391800000000003e-01
8.1439700000000004e-01
8.1487299999999996e-01
8.1534700000000004e-01
8.1581899999999996e-01
8.1628699999999998e-01
8.1675399999999998e-01
8.1721699999999997e-01
8.1767800000000002e-01
8.1813599999999997e-01
8.1859000000000004e-01
8.1904200000000005e-01
8.1949099999999997e-01
8.1993600000000000e-01
8.2037899999999997e-01
8.2081700000000002e-01
8.2125300000000001e-01
8.2168500000000000e-01
8.2211299999999998e-01
8.2253799999999999e-01
8.2295900000000000e-01
8.2337700000000003e-01
8.2379000000000002e-01
8.2420000000000004e-01
8.2460500000000003e-01
8.2500700000000005e-01
8.2540500000000006e-01
8.2579800000000003e-01
8.2618700000000000e-01
8.2657199999999997e-01
8.2695300000000005e-01
8.2732899999999998e-01
8.2769999999999999e-01
8.2806800000000003e-01
8.2843000000000000e-01
8.2878799999999997e-01
8.2914100000000002e-01
8.2948900000000003e-01
8.2983300000000004e-01
8.3017200000000002e-01
8.3050500000000005e-01
8.3083399999999996e-01
8.3115799999999995e-01
8.3147599999999999e-01
8.3179000000000003e-01
8.3209800000000000e-01
8.3240099999999995e-01
8.3269899999999997e-01
8.3299100000000004e-01
8.3327799999999996e-01
8.3355999999999997e-01
8.3383600000000002e-01
8.3410600000000001e-01
8.3437099999999997e-01
8.3462999999999998e-01
8.3488399999999996e-01
8.3513199999999999e-01
8.3537399999999995e-01
8.3560999999999996e-01
8.3584000000000003e-01
8.3606499999999995e-01
8.3628400000000003e-01
8.3649700000000005e-01
8.3670299999999997e-01
8.3690399999999998e-01
8.3709900000000004e-01
8.3728800000000003e-01
8.3747000000000005e-01
8.3764700000000003e-01
8.3781700000000003e-01
8.3798099999999998e-01
8.3813899999999997e-01
8.3828999999999998e-01
8.3843599999999996e-01
8.3857499999999996e-01
8.3870800000000001e-01
8.3883399999999997e-01
8.3895399999999998e-01
8.3906800000000004e-01
8.3917500000000000e-01
8.3927600000000002e-01
8.3936999999999995e-01
8.3945800000000004e-01
8.3953999999999995e-01
8.3961500000000000e-01
8.3968299999999996e-01
8.3974599999999999e-01
8.3980100000000002e-01
8.3984999999999999e-01
8.3989300000000000e-01
8.3992900000000004e-01
8.3995799999999998e-01
8.3998099999999998e-01
8.3999699999999999e-01
8.4000699999999995e-01
8.4001000000000003e-01
8.4001000000000003e-01
8.4001000000000003e-01
8.4001000000000003e-01
8.4001000000000003e-01
8.4001000000000003e-01
8.4001000000000003e-01
8.4001000000000003e-01
8.4001000000000003e-01
8.4001000000000003e-01
8.4001000000000003e-01
