1.0889500000000000e+02
1.0889500000000000e+02
1.0889500000000000e+02
1.0889500000000000e+02
1.0889500000000000e+02
1.0889500000000000e+02
1.0889500000000000e+02
1.0889500000000000e+02
1.0889500000000000e+02
1.0889500000000000e+02
1.0889500000000000e+02
1.0889600000000000e+02
1.0890000000000001e+02
1.0890600000000001e+02
1.0891500000000001e+02
1.0892600000000000e+02
1.0893899999999999e+02
1.0895500000000000e+02
1.0897300000000000e+02
1.0899400000000000e+02
1.0901800000000000e+02
1.0904300000000001e+02
1.0907100000000000e+02
1.0910200000000000e+02
1.0913500000000001e+02
1.0917000000000000e+02
1.0920800000000000e+02
1.0924800000000000e+02
1.0929100000000000e+02
1.0933600000000000e+02
1.0938300000000000e+02
1.0943300000000001e+02
1.0948500000000000e+02
1.0954000000000001e+02
1.0959699999999999e+02
1.0965600000000001e+02
1.0971700000000000e+02
1.0978100000000001e+02
1.0984699999999999e+02
1.0991600000000000e+02
1.0998699999999999e+02
1.1006000000000000e+02
1.1013500000000001e+02
1.1021299999999999e+02
1.1029200000000000e+02
1.1037400000000000e+02
1.1045900000000000e+02
1.1054500000000000e+02
1.1063400000000000e+02
1.1072400000000000e+02
1.1081699999999999e+02
1.1091200000000001e+02
1.1101000000000001e+02
1.1110899999999999e+02
1.1120999999999999e+02
1.1131399999999999e+02
1.1141900000000000e+02
1.1152700000000000e+02
1.1163700000000000e+02
1.1174800000000000e+02
1.1186199999999999e+02
1.1197799999999999e+02
1.1209500000000000e+02
1.1221500000000000e+02
1.1233600000000000e+02
1.1245900000000000e+02
1.1258400000000000e+02
1.1271100000000000e+02
1.1284000000000000e+02
1.1297100000000000e+02
1.1310299999999999e+02
1.1323699999999999e+02
1.1337300000000000e+02
1.1351100000000000e+02
1.1365000000000001e+02
1.1379200000000000e+02
1.1393400000000000e+02
1.1407899999999999e+02
1.1422400000000000e+02
1.1437200000000000e+02
1.1452100000000000e+02
1.1467200000000000e+02
1.1482400000000000e+02
1.1497700000000000e+02
1.1513300000000000e+02
1.1528900000000000e+02
1.1544700000000000e+02
1.1560599999999999e+02
1.1576700000000000e+02
1.1592900000000000e+02
1.1609200000000000e+02
1.1625700000000001e+02
1.1642300000000000e+02
1.1659000000000000e+02
1.1675800000000000e+02
1.1692700000000001e+02
1.1709800000000000e+02
1.1727000000000000e+02
1.1744199999999999e+02
1.1761600000000000e+02
1.1779100000000000e+02
1.1796700000000000e+02
1.1814400000000001e+02
1.1832100000000000e+02
1.1850000000000000e+02
1.1867900000000000e+02
1.1886000000000000e+02
1.1904100000000000e+02
1.1922300000000000e+02
1.1940600000000001e+02
1.1958900000000000e+02
1.1977400000000000e+02
1.1995900000000000e+02
1.2014400000000001e+02
1.2033000000000000e+02
1.2051700000000000e+02
1.2070399999999999e+02
1.2089200000000000e+02
1.2108000000000000e+02
1.2126900000000001e+02
1.2145800000000000e+02
1.2164800000000000e+02
1.2183799999999999e+02
1.2202800000000001e+02
1.2221899999999999e+02
1.2241000000000000e+02
1.2260100000000000e+02
1.2279200000000000e+02
1.2298399999999999e+02
1.2317500000000000e+02
1.2336700000000000e+02
1.2355900000000000e+02
1.2375100000000000e+02
1.2394300000000000e+02
1.2413500000000001e+02
1.2432700000000000e+02
1.2451900000000001e+02
1.2470999999999999e+02
1.2490200000000000e+02
1.2509300000000000e+02
1.2528500000000000e+02
1.2547600000000000e+02
1.2566600000000000e+02
1.2585700000000000e+02
1.2604700000000000e+02
1.2623699999999999e+02
1.2642600000000000e+02
1.2661499999999999e+02
1.2680400000000000e+02
1.2699200000000000e+02
1.2717900000000000e+02
1.2736600000000000e+02
1.2755300000000000e+02
1.2773900000000000e+02
1.2792400000000001e+02
1.2810800000000000e+02
1.2829200000000000e+02
1.2847499999999999e+02
1.2865799999999999e+02
1.2883900000000000e+02
1.2902000000000001e+02
1.2919999999999999e+02
1.2937899999999999e+02
1.2955699999999999e+02
1.2973500000000001e+02
1.2991100000000000e+02
1.3008600000000001e+02
1.3026100000000000e+02
1.3043400000000000e+02
1.3060599999999999e+02
1.3077699999999999e+02
1.3094700000000000e+02
1.3111600000000001e+02
1.3128399999999999e+02
1.3144999999999999e+02
1.3161500000000001e+02
1.3177900000000000e+02
1.3194200000000001e+02
1.3210300000000001e+02
1.3226300000000001e+02
1.3242200000000000e+02
1.3257900000000001e+02
1.3273500000000001e+02
1.3288900000000001e+02
1.3304200000000000e+02
1.3319399999999999e+02
1.3334299999999999e+02
1.3349199999999999e+02
1.3363800000000001e+02
1.3378399999999999e+02
1.3392699999999999e+02
1.3406899999999999e+02
1.3420900000000000e+02
1.3434800000000001e+02
1.3448400000000001e+02
1.3462000000000000e+02
1.3475299999999999e+02
1.3488399999999999e+02
1.3501400000000001e+02
1.3514200000000000e+02
1.3526800000000000e+02
1.3539200000000000e+02
1.3551499999999999e+02
1.3563499999999999e+02
1.3575399999999999e+02
1.3587000000000000e+02
1.3598500000000001e+02
1.3609700000000001e+02
1.3620800000000000e+02
1.3631700000000001e+02
1.3642300000000000e+02
1.3652799999999999e+02
1.3663000000000000e+02
1.3673099999999999e+02
1.3682900000000001e+02
1.3692500000000001e+02
1.3701900000000001e+02
1.3711099999999999e+02
1.3720099999999999e+02
1.3728800000000001e+02
1.3737400000000000e+02
1.3745699999999999e+02
1.3753800000000001e+02
1.3761600000000001e+02
1.3769300000000001e+02
1.3776700000000000e+02
1.3783900000000000e+02
1.3790799999999999e+02
1.3797600000000000e+02
1.3804100000000000e+02
1.3810300000000001e+02
1.3816399999999999e+02
1.3822200000000001e+02
1.3827699999999999e+02
1.3833099999999999e+02
1.3838200000000001e+02
1.3843000000000001e+02
1.3847600000000000e+02
1.3852000000000001e+02
1.3856200000000001e+02
1.3860100000000000e+02
1.3863700000000000e+02
1.3867200000000000e+02
1.3870300000000000e+02
1.3873300000000000e+02
1.3875999999999999e+02
1.3878399999999999e+02
1.3880600000000001e+02
1.3882599999999999e+02
1.3884299999999999e+02
1.3885800000000000e+02
1.3887000000000000e+02
1.3888000000000000e+02
1.3888700000000000e+02
1.3889200000000000e+02
1.3889500000000001e+02
1.3889500000000001e+02
1.3889200000000000e+02
1.3888700000000000e+02
1.3888000000000000e+02
1.3887000000000000e+02
1.3885800000000000e+02
1.3884299999999999e+02
1.3882599999999999e+02
1.3880600000000001e+02
1.3878399999999999e+02
1.3875999999999999e+02
1.3873300000000000e+02
1.3870300000000000e+02
1.3867200000000000e+02
1.3863700000000000e+02
1.3860100000000000e+02
1.3856200000000001e+02
1.3852000000000001e+02
1.3847600000000000e+02
1.3843000000000001e+02
1.3838200000000001e+02
1.3833099999999999e+02
1.3827699999999999e+02
1.3822200000000001e+02
1.3816399999999999e+02
1.3810300000000001e+02
1.3804100000000000e+02
1.3797600000000000e+02
1.3790799999999999e+02
1.3783900000000000e+02
1.3776700000000000e+02
1.3769300000000001e+02
1.3761600000000001e+02
1.3753800000000001e+02
1.3745699999999999e+02
1.3737400000000000e+02
1.3728800000000001e+02
1.3720099999999999e+02
1.3711099999999999e+02
1.3701900000000001e+02
1.3692500000000001e+02
1.3682900000000001e+02
1.3673099999999999e+02
1.3663000000000000e+02
1.3652799999999999e+02
1.3642300000000000e+02
1.3631700000000001e+02
1.3620800000000000e+02
1.3609700000000001e+02
1.3598500000000001e+02
1.3587000000000000e+02
1.3575399999999999e+02
1.3563499999999999e+02
1.3551499999999999e+02
1.3539200000000000e+02
1.3526800000000000e+02
1.3514200000000000e+02
1.3501400000000001e+02
1.3488399999999999e+02
1.3475299999999999e+02
1.3462000000000000e+02
1.3448400000000001e+02
1.3434800000000001e+02
1.3420900000000000e+02
1.3406899999999999e+02
1.3392699999999999e+02
1.3378399999999999e+02
1.3363800000000001e+02
1.3349199999999999e+02
1.3334299999999999e+02
1.3319399999999999e+02
1.3304200000000000e+02
1.3288900000000001e+02
1.3273500000000001e+02
1.3257900000000001e+02
1.3242200000000000e+02
1.3226300000000001e+02
1.3210300000000001e+02
1.3194200000000001e+02
1.3177900000000000e+02
1.3161500000000001e+02
1.3144999999999999e+02
1.3128399999999999e+02
1.3111600000000001e+02
1.3094700000000000e+02
1.3077699999999999e+02
1.3060599999999999e+02
1.3043400000000000e+02
1.3026100000000000e+02
1.3008600000000001e+02
1.2991100000000000e+02
1.2973500000000001e+02
1.2955699999999999e+02
1.2937899999999999e+02
1.2919999999999999e+02
1.2902000000000001e+02
1.2883900000000000e+02
1.2865799999999999e+02
1.2847499999999999e+02
1.2829200000000000e+02
1.2810800000000000e+02
1.2792400000000001e+02
1.2773900000000000e+02
1.2755300000000000e+02
1.2736600000000000e+02
1.2717900000000000e+02
1.2699200000000000e+02
1.2680400000000000e+02
1.2661499999999999e+02
1.2642600000000000e+02
1.2623699999999999e+02
1.2604700000000000e+02
1.2585700000000000e+02
1.2566600000000000e+02
1.2547600000000000e+02
1.2528500000000000e+02
1.2509300000000000e+02
1.2490200000000000e+02
1.2470999999999999e+02
1.2451900000000001e+02
1.2432700000000000e+02
1.2413500000000001e+02
1.2394300000000000e+02
1.2375100000000000e+02
1.2355900000000000e+02
1.2336700000000000e+02
1.2317500000000000e+02
1.2298399999999999e+02
1.2279200000000000e+02
1.2260100000000000e+02
1.2241000000000000e+02
1.2221899999999999e+02
1.2202800000000001e+02
1.2183799999999999e+02
1.2164800000000000e+02
1.2145800000000000e+02
1.2126900000000001e+02
1.2108000000000000e+02
1.2089200000000000e+02
1.2070399999999999e+02
1.2051700000000000e+02
1.2033000000000000e+02
1.2014400000000001e+02
1.1995900000000000e+02
1.1977400000000000e+02
1.1958900000000000e+02
1.1940600000000001e+02
1.1922300000000000e+02
1.1904100000000000e+02
1.1886000000000000e+02
1.1867900000000000e+02
1.1850000000000000e+02
1.1832100000000000e+02
1.1814400000000001e+02
1.1796700000000000e+02
1.1779100000000000e+02
1.1761600000000000e+02
1.1744199999999999e+02
1.1727000000000000e+02
1.1709800000000000e+02
1.1692700000000001e+02
1.1675800000000000e+02
1.1659000000000000e+02
1.1642300000000000e+02
1.1625700000000001e+02
1.1609200000000000e+02
1.1592900000000000e+02
1.1576700000000000e+02
1.1560599999999999e+02
1.1544700000000000e+02
1.1528900000000000e+02
1.1513300000000000e+02
1.1497700000000000e+02
1.1482400000000000e+02
1.1467200000000000e+02
1.1452100000000000e+02
1.1437200000000000e+02
1.1422400000000000e+02
1.1407899999999999e+02
1.1393400000000000e+02
1.1379200000000000e+02
1.1365000000000001e+02
1.1351100000000000e+02
1.1337300000000000e+02
1.1323699999999999e+02
1.1310299999999999e+02
1.1297100000000000e+02
1.1284000000000000e+02
1.1271100000000000e+02
1.1258400000000000e+02
1.1245900000000000e+02
1.1233600000000000e+02
1.1221500000000000e+02
1.1209500000000000e+02
1.1197799999999999e+02
1.1186199999999999e+02
1.1174800000000000e+02
1.1163700000000000e+02
1.1152700000000000e+02
1.1141900000000000e+02
1.1131399999999999e+02
1.1120999999999999e+02
1.1110899999999999e+02
1.1101000000000001e+02
1.1091200000000001e+02
1.1081699999999999e+02
1.1072400000000000e+02
1.1063400000000000e+02
1.1054500000000000e+02
1.1045900000000000e+02
1.1037400000000000e+02
1.1029200000000000e+02
1.1021299999999999e+02
1.1013500000000001e+02
1.1006000000000000e+02
1.0998699999999999e+02
1.0991600000000000e+02
1.0984699999999999e+02
1.0978100000000001e+02
1.0971700000000000e+02
1.0965600000000001e+02
1.0959699999999999e+02
1.0954000000000001e+02
1.0948500000000000e+02
1.0943300000000001e+02
1.0938300000000000e+02
1.0933600000000000e+02
1.0929100000000000e+02
1.0924800000000000e+02
1.0920800000000000e+02
1.0917000000000000e+02
1.0913500000000001e+02
1.0910200000000000e+02
1.0907100000000000e+02
1.0904300000000001e+02
1.0901800000000000e+02
1.0899400000000000e+02
1.0897300000000000e+02
1.0895500000000000e+02
1.0893899999999999e+02
1.0892600000000000e+02
1.0891500000000001e+02
1.0890600000000001e+02
1.0890000000000001e+02
1.0889600000000000e+02
1.0889500000000000e+02
1.0889500000000000e+02
1.0889500000000000e+02
1.0889500000000000e+02
1.0889500000000000e+02
1.0889500000000000e+02
1.0889500000000000e+02
1.0889500000000000e+02
1.0889500000000000e+02
1.0889500000000000e+02
1.0889500000000000e+02
